# L8.4 reference trace: course/oracle/L8.4/radix_trace.py (do not edit)
B 4
E 5 ;
C 0
M 41 21 41 18 2 37 24 26 3 13 49 47 49 44 35 31 34 17 ; 0
C 0
M 46 20 45 9 18 31 31 20 1 34 32 21 14 3 19 49 ; 0
I 46 20 45 9 18 31 31 20 1 34 32 21 14 3 19 49 / 100 101 102 103 ;
C 16
M 46 20 45 9 18 31 31 20 3 25 3 35 11 ; 8 100 101
L 4
I 46 20 45 9 18 31 31 20 3 25 3 35 11 / 100 101 104 ;
C 20
E 3 ; 102 103 104
C 8
M 17 5 15 9 21 29 15 7 5 28 45 40 35 8 48 9 31 34 35 45 9 ; 0
C 8
M 41 21 41 18 2 37 24 26 3 13 49 47 33 16 22 32 39 ; 0
C 8
M 4 48 15 8 1 29 13 41 2 11 43 13 18 4 0 18 ; 0
I 4 48 15 8 1 29 13 41 2 11 43 13 18 4 0 18 / 105 106 107 108 ;
C 24
U 4
C 24
M 41 21 41 18 2 37 24 26 3 13 49 47 2 13 3 30 17 26 21 5 20 ; 0
I 41 21 41 18 2 37 24 26 3 13 49 47 2 13 3 30 17 26 21 5 20 / 109 110 111 112 113 ;
C 44
E 3 ; 100 101 105 106 107 108
C 20
M 17 5 15 9 21 29 15 7 5 28 45 40 35 8 48 9 35 36 30 17 ; 0
I 17 5 15 9 21 29 15 7 5 28 45 40 35 8 48 9 35 36 30 17 / 114 115 116 117 118 ;
C 40
E 3 ; 109 110 111 112 113
C 20
M 46 20 45 9 18 31 31 20 20 6 35 0 8 26 44 ; 0
I 46 20 45 9 18 31 31 20 20 6 35 0 8 26 44 / 119 120 121 ;
C 32
E 1 ; 114 115 116 117 118
C 12
M 46 20 45 9 18 31 31 20 29 34 10 43 21 35 32 ; 8 119 120
C 12
E 3 ; 121 119 120
C 0
M 17 5 15 9 21 29 15 7 5 28 45 40 35 8 48 9 27 27 36 27 49 21 31 ; 0
I 17 5 15 9 21 29 15 7 5 28 45 40 35 8 48 9 27 27 36 27 49 21 31 / 122 123 124 125 126 ;
C 20
M 46 20 45 9 18 31 31 20 9 29 42 38 18 37 33 45 ; 0
C 20
M 17 5 15 9 21 29 15 7 5 28 45 40 35 8 48 9 23 33 35 41 45 18 49 10 23 ; 16 122 123 124 125
L 27
C 20
M 46 20 45 9 18 31 31 20 14 46 34 48 39 31 30 ; 0
C 20
U 27
C 20
M 41 21 41 18 2 37 24 26 3 13 49 47 37 3 21 49 11 ; 0
I 41 21 41 18 2 37 24 26 3 13 49 47 37 3 21 49 11 / 127 128 129 130 ;
C 36
M 4 48 15 8 1 29 13 41 2 11 43 13 29 42 26 1 6 42 41 ; 0
I 4 48 15 8 1 29 13 41 2 11 43 13 29 42 26 1 6 42 41 / 131 132 133 134 ;
C 52
M 46 20 45 9 18 31 31 20 18 3 ; 0
I 46 20 45 9 18 31 31 20 18 3 / 135 136 ;
C 60
M 46 20 45 9 18 31 31 20 ; 4 135
L 37
I 46 20 45 9 18 31 31 20 / 135 137 ; 137
C 60
E 6 ; 126 122 123 124 125 127 128 129 130
C 24
M 41 21 41 18 2 37 24 26 3 13 49 47 27 ; 0
I 41 21 41 18 2 37 24 26 3 13 49 47 27 / 138 139 140 ;
C 36
U 37
C 36
E 3 ; 131 132 133 134
C 20
M 17 5 15 9 21 29 15 7 5 28 45 40 35 8 48 9 19 30 25 15 22 ; 0
C 20
M 41 21 41 18 2 37 24 26 3 13 49 47 47 10 ; 12 138 139 140
L 46
I 41 21 41 18 2 37 24 26 3 13 49 47 47 10 / 1141 1142 1143 ; 1141 1142 1143
C 20
M 41 21 41 18 2 37 24 26 3 13 49 47 17 7 21 7 ; 12 138 139 140
L 49
C 20
M 46 20 45 9 18 31 31 20 44 44 3 17 2 6 27 9 27 ; 8 135 136
L 51
I 46 20 45 9 18 31 31 20 44 44 3 17 2 6 27 9 27 / 135 136 141 142 ;
C 28
E 4 ; 141 142
C 20
U 46
C 20
M 17 5 15 9 21 29 15 7 5 28 45 40 35 8 48 9 49 9 29 31 ; 0
I 17 5 15 9 21 29 15 7 5 28 45 40 35 8 48 9 49 9 29 31 / 143 144 145 146 147 ;
C 40
M 4 48 15 8 1 29 13 41 2 11 43 13 23 11 5 7 3 24 26 41 24 ; 0
C 40
M 17 5 15 9 21 29 15 7 5 28 45 40 35 8 48 9 ; 12 143 144 145
L 59
C 40
M 41 21 41 18 2 37 24 26 3 13 49 47 ; 8 138 139
L 61
C 40
M 4 48 15 8 1 29 13 41 2 11 43 13 32 2 11 10 19 34 45 40 ; 0
C 40
E 4 ; 146 147
C 32
M 17 5 15 9 21 29 15 7 5 28 45 40 35 8 48 9 43 14 42 0 39 ; 12 143 144 145
L 65
I 17 5 15 9 21 29 15 7 5 28 45 40 35 8 48 9 43 14 42 0 39 / 143 144 145 148 149 ;
C 40
E 4 ; 148 149
C 32
M 41 21 41 18 2 37 24 26 3 13 49 47 43 14 ; 12 138 139 140
L 69
I 41 21 41 18 2 37 24 26 3 13 49 47 43 14 / 1150 1151 1152 ; 1150 1151 1152
C 32
M 4 48 15 8 1 29 13 41 2 11 43 13 45 42 9 32 40 38 42 28 ; 0
C 32
M 46 20 45 9 18 31 31 20 5 ; 8 135 136
C 32
M 4 48 15 8 1 29 13 41 2 11 43 13 48 41 16 33 13 0 ; 0
I 4 48 15 8 1 29 13 41 2 11 43 13 48 41 16 33 13 0 / 150 151 152 153 ;
C 48
E 2 ; 150 151 152 153
C 32
M 17 5 15 9 21 29 15 7 5 28 45 40 35 8 48 9 26 42 5 11 ; 12 143 144 145
L 77
C 32
U 51
C 32
E 1 ; 136
C 28
M 4 48 15 8 1 29 13 41 2 11 43 13 21 43 20 35 30 19 11 26 34 19 ; 0
C 28
M 17 5 15 9 21 29 15 7 5 28 45 40 35 8 48 9 27 31 4 39 ; 12 143 144 145
C 28
M 46 20 45 9 18 31 31 20 45 43 28 19 12 33 36 ; 4 135
C 28
E 1 ; 135
C 24
E 6 ;
C 24
E 6 ;
C 24
M 46 20 45 9 18 31 31 20 14 44 19 29 29 20 ; 0
I 46 20 45 9 18 31 31 20 14 44 19 29 29 20 / 154 155 156 ;
C 36
M 46 20 45 9 18 31 31 20 34 19 4 36 ; 8 154 155
L 89
I 46 20 45 9 18 31 31 20 34 19 4 36 / 154 155 157 ;
C 40
M 46 20 45 9 18 31 31 20 20 6 6 ; 8 154 155
L 92
C 40
M 17 5 15 9 21 29 15 7 5 28 45 40 35 8 48 9 26 31 23 25 44 22 17 5 ; 12 143 144 145
L 94
C 40
M 41 21 41 18 2 37 24 26 3 13 49 47 49 30 17 ; 12 138 139 140
C 40
M 17 5 15 9 21 29 15 7 5 28 45 40 35 8 48 9 ; 12 143 144 145
C 40
E 5 ; 156 157
C 32
U 69
C 32
M 46 20 45 9 18 31 31 20 2 39 21 43 29 42 ; 8 154 155
L 100
C 32
M 4 48 15 8 1 29 13 41 2 11 43 13 34 ; 0
C 32
M 4 48 15 8 1 29 13 41 2 11 43 13 30 37 14 ; 0
C 32
E 3 ;
C 32
U 61
C 32
M 4 48 15 8 1 29 13 41 2 11 43 13 38 18 30 35 17 0 14 ; 0
I 4 48 15 8 1 29 13 41 2 11 43 13 38 18 30 35 17 0 14 / 158 159 160 161 ;
C 48
M 17 5 15 9 21 29 15 7 5 28 45 40 35 8 48 9 10 ; 12 143 144 145
L 108
C 48
M 46 20 45 9 18 31 31 20 17 ; 8 154 155
C 48
M 17 5 15 9 21 29 15 7 5 28 45 40 35 8 48 9 22 18 0 2 27 43 48 40 43 ; 12 143 144 145
L 111
C 48
M 41 21 41 18 2 37 24 26 3 13 49 47 19 7 9 28 29 47 ; 12 138 139 140
L 113
I 41 21 41 18 2 37 24 26 3 13 49 47 19 7 9 28 29 47 / 138 139 140 162 ;
C 52
M 46 20 45 9 18 31 31 20 3 22 8 27 11 24 ; 8 154 155
L 116
I 46 20 45 9 18 31 31 20 3 22 8 27 11 24 / 154 155 163 ;
C 56
U 108
C 56
M 41 21 41 18 2 37 24 26 3 13 49 47 14 37 48 29 30 28 10 16 43 ; 12 138 139 140
C 56
U 77
C 56
M 17 5 15 9 21 29 15 7 5 28 45 40 35 8 48 9 ; 12 143 144 145
I 17 5 15 9 21 29 15 7 5 28 45 40 35 8 48 9 / 143 144 145 164 ;
C 60
M 17 5 15 9 21 29 15 7 5 28 45 40 35 8 48 9 30 44 25 19 39 32 ; 16 143 144 145 164
I 17 5 15 9 21 29 15 7 5 28 45 40 35 8 48 9 30 44 25 19 39 32 / 143 144 145 164 165 ;
C 64
E 2 ; 158 159 160 161
C 48
M 41 21 41 18 2 37 24 26 3 13 49 47 31 8 7 19 35 43 ; 12 138 139 140
L 127
I 41 21 41 18 2 37 24 26 3 13 49 47 31 8 7 19 35 43 / 138 139 140 166 ;
C 52
E 1 ; 162
C 48
E 5 ; 163 165 164 166
C 32
U 49
C 32
E 5 ;
C 32
M 4 48 15 8 1 29 13 41 2 11 43 13 40 38 ; 0
C 32
M 4 48 15 8 1 29 13 41 2 11 43 13 48 6 47 1 17 ; 0
I 4 48 15 8 1 29 13 41 2 11 43 13 48 6 47 1 17 / 167 168 169 170 ;
C 48
M 4 48 15 8 1 29 13 41 2 11 43 13 ; 8 167 168
L 137
C 48
M 46 20 45 9 18 31 31 20 40 41 ; 8 154 155
I 46 20 45 9 18 31 31 20 40 41 / 154 155 ;
C 48
M 4 48 15 8 1 29 13 41 2 11 43 13 4 ; 12 167 168 169
C 48
E 5 ; 170 169
C 40
M 17 5 15 9 21 29 15 7 5 28 45 40 35 8 48 9 43 37 16 12 8 25 15 46 6 46 ; 12 143 144 145
C 40
U 100
C 40
E 3 ;
C 40
U 59
C 40
U 111
C 40
M 17 5 15 9 21 29 15 7 5 28 45 40 35 8 48 9 18 8 38 39 16 28 19 7 33 44 ; 12 143 144 145
C 40
M 17 5 15 9 21 29 15 7 5 28 45 40 35 8 48 9 14 13 47 38 30 29 27 28 32 2 ; 12 143 144 145
L 149
C 40
E 1 ;
C 40
M 46 20 45 9 18 31 31 20 10 45 34 6 33 ; 8 154 155
L 152
C 40
M 17 5 15 9 21 29 15 7 5 28 45 40 35 8 48 9 20 18 20 6 28 47 38 ; 12 143 144 145
L 154
I 17 5 15 9 21 29 15 7 5 28 45 40 35 8 48 9 20 18 20 6 28 47 38 / 1173 1174 1175 171 172 ; 1173 1174 1175
C 48
M 17 5 15 9 21 29 15 7 5 28 45 40 35 8 48 9 22 44 42 22 ; 16 143 144 145 171
L 157
I 17 5 15 9 21 29 15 7 5 28 45 40 35 8 48 9 22 44 42 22 / 143 144 145 171 173 ;
C 52
E 1 ; 172
C 48
U 65
C 48
E 6 ; 173
C 44
U 94
C 44
M 17 5 15 9 21 29 15 7 5 28 45 40 35 8 48 9 29 18 15 8 12 15 43 20 26 22 ; 16 143 144 145 171
I 17 5 15 9 21 29 15 7 5 28 45 40 35 8 48 9 29 18 15 8 12 15 43 20 26 22 / 143 144 145 171 174 175 ;
C 52
M 17 5 15 9 21 29 15 7 5 28 45 40 35 8 48 9 22 25 46 13 44 14 ; 16 143 144 145 171
L 166
I 17 5 15 9 21 29 15 7 5 28 45 40 35 8 48 9 22 25 46 13 44 14 / 143 144 145 171 176 ;
C 56
M 4 48 15 8 1 29 13 41 2 11 43 13 21 41 47 40 6 47 39 11 ; 8 167 168
L 169
C 56
M 46 20 45 9 18 31 31 20 ; 4 154
L 171
C 56
U 137
C 56
U 169
C 56
E 3 ; 174 175 176
C 44
M 46 20 45 9 18 31 31 20 41 21 44 ; 8 154 155
C 44
E 4 ; 167 168
C 36
E 2 ;
C 36
U 152
C 36
U 166
C 36
M 41 21 41 18 2 37 24 26 3 13 49 47 2 16 19 6 34 5 3 8 38 16 ; 12 138 139 140
I 41 21 41 18 2 37 24 26 3 13 49 47 2 16 19 6 34 5 3 8 38 16 / 138 139 140 177 178 ;
C 44
U 113
C 44
U 116
C 44
U 89
C 44
U 157
C 44
M 41 21 41 18 2 37 24 26 3 13 49 47 3 ; 12 138 139 140
C 44
E 2 ; 171 177 178
C 32
E 6 ;
C 32
U 127
C 32
E 6 ; 140 138 139
C 20
E 4 ;
C 20
M 46 20 45 9 18 31 31 20 3 43 32 ; 8 154 155
C 20
U 92
C 20
M 41 21 41 18 2 37 24 26 3 13 49 47 15 1 2 10 24 ; 0
I 41 21 41 18 2 37 24 26 3 13 49 47 15 1 2 10 24 / 179 180 181 182 ;
C 36
U 171
C 36
M 41 21 41 18 2 37 24 26 3 13 49 47 24 40 4 48 28 3 41 20 ; 12 179 180 181
L 198
I 41 21 41 18 2 37 24 26 3 13 49 47 24 40 4 48 28 3 41 20 / 179 180 181 183 184 ;
C 44
M 41 21 41 18 2 37 24 26 3 13 49 47 14 38 15 26 36 35 12 ; 12 179 180 181
I 41 21 41 18 2 37 24 26 3 13 49 47 14 38 15 26 36 35 12 / 1186 1187 1188 185 ; 1186 1187 1188
C 48
M 17 5 15 9 21 29 15 7 5 28 45 40 35 8 48 9 ; 12 143 144 145
L 203
C 48
E 2 ; 155 154
C 40
E 3 ; 182 183 184
C 28
M 41 21 41 18 2 37 24 26 3 13 49 47 9 32 48 ; 12 179 180 181
L 207
C 28
U 207
C 28
M 41 21 41 18 2 37 24 26 3 13 49 47 13 16 15 47 2 28 25 1 45 ; 12 179 180 181
I 41 21 41 18 2 37 24 26 3 13 49 47 13 16 15 47 2 28 25 1 45 / 179 180 181 186 187 ;
C 36
M 46 20 45 9 18 31 31 20 35 44 38 28 31 30 42 ; 0
I 46 20 45 9 18 31 31 20 35 44 38 28 31 30 42 / 188 189 190 ;
C 48
M 4 48 15 8 1 29 13 41 2 11 43 13 41 19 7 38 43 ; 0
I 4 48 15 8 1 29 13 41 2 11 43 13 41 19 7 38 43 / 191 192 193 194 ;
C 64
M 17 5 15 9 21 29 15 7 5 28 45 40 35 8 48 9 6 36 ; 12 143 144 145
C 64
M 4 48 15 8 1 29 13 41 2 11 43 13 13 12 19 45 8 ; 12 191 192 193
L 217
C 64
M 4 48 15 8 1 29 13 41 2 11 43 13 29 42 13 ; 12 191 192 193
L 219
C 64
U 149
C 64
M 4 48 15 8 1 29 13 41 2 11 43 13 20 21 24 5 1 ; 12 191 192 193
L 222
C 64
M 46 20 45 9 18 31 31 20 21 47 48 ; 8 188 189
L 224
C 64
M 41 21 41 18 2 37 24 26 3 13 49 47 18 19 8 4 34 ; 12 179 180 181
L 226
C 64
U 154
C 64
U 219
C 64
M 17 5 15 9 21 29 15 7 5 28 45 40 35 8 48 9 30 29 10 37 36 40 13 ; 12 143 144 145
L 230
I 17 5 15 9 21 29 15 7 5 28 45 40 35 8 48 9 30 29 10 37 36 40 13 / 1197 1198 1199 195 196 ; 1197 1198 1199
C 72
U 198
C 72
M 41 21 41 18 2 37 24 26 3 13 49 47 16 20 13 10 33 6 ; 12 179 180 181
L 234
I 41 21 41 18 2 37 24 26 3 13 49 47 16 20 13 10 33 6 / 179 180 181 197 ;
C 76
U 234
C 76
M 4 48 15 8 1 29 13 41 2 11 43 13 13 31 5 40 34 1 46 19 ; 12 191 192 193
L 238
I 4 48 15 8 1 29 13 41 2 11 43 13 13 31 5 40 34 1 46 19 / 191 192 193 198 199 ;
C 84
M 4 48 15 8 1 29 13 41 2 11 43 13 29 ; 12 191 192 193
L 241
I 4 48 15 8 1 29 13 41 2 11 43 13 29 / 191 192 193 ;
C 84
U 217
C 84
M 46 20 45 9 18 31 31 20 12 ; 8 188 189
L 245
C 84
E 6 ; 185 186 187 190 194 195 196
C 56
M 17 5 15 9 21 29 15 7 5 28 45 40 35 8 48 9 1 4 14 47 28 ; 12 143 144 145
I 17 5 15 9 21 29 15 7 5 28 45 40 35 8 48 9 1 4 14 47 28 / 143 144 145 200 201 ;
C 64
M 46 20 45 9 18 31 31 20 35 8 5 31 29 11 23 33 9 30 ; 8 188 189
L 250
I 46 20 45 9 18 31 31 20 35 8 5 31 29 11 23 33 9 30 / 1204 1205 202 203 ; 1204 1205
C 72
E 4 ; 197 198 199 200 201
C 52
M 46 20 45 9 18 31 31 20 25 22 23 15 16 1 18 14 28 25 ; 8 188 189
I 46 20 45 9 18 31 31 20 25 22 23 15 16 1 18 14 28 25 / 1206 1207 204 205 ; 1206 1207
C 60
M 4 48 15 8 1 29 13 41 2 11 43 13 11 42 30 18 6 22 19 38 ; 12 191 192 193
L 256
I 4 48 15 8 1 29 13 41 2 11 43 13 11 42 30 18 6 22 19 38 / 1208 1209 1210 206 207 ; 1208 1209 1210
C 68
U 226
C 68
U 203
C 68
U 222
C 68
M 17 5 15 9 21 29 15 7 5 28 45 40 35 8 48 9 47 43 12 ; 12 143 144 145
L 262
C 68
M 46 20 45 9 18 31 31 20 10 19 42 30 6 15 0 9 ; 8 188 189
C 68
M 41 21 41 18 2 37 24 26 3 13 49 47 25 ; 12 179 180 181
I 41 21 41 18 2 37 24 26 3 13 49 47 25 / 1208 1209 1210 ; 1208 1209 1210
C 68
U 256
C 68
M 17 5 15 9 21 29 15 7 5 28 45 40 35 8 48 9 11 12 27 49 48 17 ; 12 143 144 145
L 268
C 68
U 250
C 68
E 2 ; 202 203
C 60
M 17 5 15 9 21 29 15 7 5 28 45 40 35 8 48 9 ; 12 143 144 145
L 272
C 60
M 4 48 15 8 1 29 13 41 2 11 43 13 43 24 10 9 27 ; 12 191 192 193
L 274
I 4 48 15 8 1 29 13 41 2 11 43 13 43 24 10 9 27 / 191 192 193 208 ;
C 64
U 268
C 64
M 4 48 15 8 1 29 13 41 2 11 43 13 10 ; 12 191 192 193
L 278
C 64
U 230
C 64
M 41 21 41 18 2 37 24 26 3 13 49 47 45 25 28 25 34 13 49 2 31 ; 12 179 180 181
I 41 21 41 18 2 37 24 26 3 13 49 47 45 25 28 25 34 13 49 2 31 / 1211 1212 1213 209 210 ; 1211 1212 1213
C 72
E 3 ; 204 205 206 207
C 56
M 41 21 41 18 2 37 24 26 3 13 49 47 49 46 34 23 24 20 ; 12 179 180 181
C 56
E 6 ; 208 209 210 179 180 181
C 32
M 4 48 15 8 1 29 13 41 2 11 43 13 19 15 47 23 23 41 14 48 8 28 ; 12 191 192 193
I 4 48 15 8 1 29 13 41 2 11 43 13 19 15 47 23 23 41 14 48 8 28 / 191 192 193 211 212 ;
C 40
U 245
C 40
E 1 ; 211 212
C 32
M 4 48 15 8 1 29 13 41 2 11 43 13 29 42 39 9 6 28 43 ; 12 191 192 193
I 4 48 15 8 1 29 13 41 2 11 43 13 29 42 39 9 6 28 43 / 1214 1215 1216 213 ; 1214 1215 1216
C 36
M 17 5 15 9 21 29 15 7 5 28 45 40 35 8 48 9 30 ; 12 143 144 145
L 292
C 36
E 1 ; 213
C 32
M 17 5 15 9 21 29 15 7 5 28 45 40 35 8 48 9 0 23 9 7 19 43 35 ; 12 143 144 145
L 295
I 17 5 15 9 21 29 15 7 5 28 45 40 35 8 48 9 0 23 9 7 19 43 35 / 143 144 145 214 215 ;
C 40
E 5 ; 214 215
C 32
M 46 20 45 9 18 31 31 20 ; 4 188
I 46 20 45 9 18 31 31 20 / 188 216 ; 216
C 32
E 3 ;
C 32
M 46 20 45 9 18 31 31 20 4 25 19 13 27 48 24 ; 8 188 189
C 32
M 46 20 45 9 18 31 31 20 46 32 45 37 17 31 46 44 6 ; 8 188 189
I 46 20 45 9 18 31 31 20 46 32 45 37 17 31 46 44 6 / 188 189 217 218 ;
C 40
U 224
C 40
M 41 21 41 18 2 37 24 26 3 13 49 47 40 6 6 44 15 25 35 4 26 ; 0
I 41 21 41 18 2 37 24 26 3 13 49 47 40 6 6 44 15 25 35 4 26 / 219 220 221 222 223 ;
C 60
M 41 21 41 18 2 37 24 26 3 13 49 47 29 25 38 42 11 32 0 ; 12 219 220 221
L 308
I 41 21 41 18 2 37 24 26 3 13 49 47 29 25 38 42 11 32 0 / 219 220 221 224 ;
C 64
U 278
C 64
M 4 48 15 8 1 29 13 41 2 11 43 13 3 30 17 20 0 33 4 ; 12 191 192 193
I 4 48 15 8 1 29 13 41 2 11 43 13 3 30 17 20 0 33 4 / 1226 1227 1228 225 ; 1226 1227 1228
C 68
M 46 20 45 9 18 31 31 20 11 20 21 38 36 13 29 6 ; 8 188 189
L 314
I 46 20 45 9 18 31 31 20 11 20 21 38 36 13 29 6 / 1228 1229 226 227 ; 1228 1229
C 76
M 46 20 45 9 18 31 31 20 33 36 12 18 24 4 18 ; 8 188 189
L 317
C 76
M 46 20 45 9 18 31 31 20 29 8 15 10 ; 8 188 189
C 76
M 4 48 15 8 1 29 13 41 2 11 43 13 3 35 ; 12 191 192 193
L 320
C 76
U 292
C 76
M 4 48 15 8 1 29 13 41 2 11 43 13 49 22 9 41 35 ; 12 191 192 193
C 76
E 3 ; 217 218 222 223
C 60
M 41 21 41 18 2 37 24 26 3 13 49 47 11 6 29 ; 12 219 220 221
I 41 21 41 18 2 37 24 26 3 13 49 47 11 6 29 / 1228 1229 1230 ; 1228 1229 1230
C 60
M 46 20 45 9 18 31 31 20 0 23 16 39 47 33 ; 8 188 189
L 327
I 46 20 45 9 18 31 31 20 0 23 16 39 47 33 / 188 189 228 ;
C 64
E 3 ; 224 225 226 227
C 48
M 46 20 45 9 18 31 31 20 23 48 20 2 4 ; 8 188 189
C 48
M 41 21 41 18 2 37 24 26 3 13 49 47 48 ; 12 219 220 221
L 332
C 48
E 4 ; 228
C 44
M 41 21 41 18 2 37 24 26 3 13 49 47 31 7 17 ; 12 219 220 221
L 335
I 41 21 41 18 2 37 24 26 3 13 49 47 31 7 17 / 219 220 221 ;
C 44
U 317
C 44
M 4 48 15 8 1 29 13 41 2 11 43 13 44 5 44 30 27 11 27 4 40 ; 12 191 192 193
L 339
I 4 48 15 8 1 29 13 41 2 11 43 13 44 5 44 30 27 11 27 4 40 / 191 192 193 229 230 ;
C 52
M 41 21 41 18 2 37 24 26 3 13 49 47 3 ; 12 219 220 221
C 52
M 17 5 15 9 21 29 15 7 5 28 45 40 35 8 48 9 0 33 0 24 26 19 0 36 ; 12 143 144 145
C 52
U 274
C 52
U 320
C 52
M 4 48 15 8 1 29 13 41 2 11 43 13 6 18 16 15 40 16 15 28 21 0 ; 12 191 192 193
C 52
E 1 ; 229 230
C 44
U 332
C 44
E 4 ;
C 44
U 262
C 44
M 46 20 45 9 18 31 31 20 22 22 19 14 ; 8 188 189
L 351
C 44
U 238
C 44
M 46 20 45 9 18 31 31 20 23 35 ; 8 188 189
L 354
I 46 20 45 9 18 31 31 20 23 35 / 188 189 ;
C 44
M 4 48 15 8 1 29 13 41 2 11 43 13 35 36 ; 12 191 192 193
C 44
M 41 21 41 18 2 37 24 26 3 13 49 47 2 46 34 32 17 17 11 36 ; 12 219 220 221
L 358
C 44
E 6 ;
C 44
M 4 48 15 8 1 29 13 41 2 11 43 13 40 29 49 34 42 25 ; 12 191 192 193
L 361
C 44
M 46 20 45 9 18 31 31 20 44 ; 8 188 189
L 363
C 44
M 41 21 41 18 2 37 24 26 3 13 49 47 40 21 28 ; 12 219 220 221
L 365
I 41 21 41 18 2 37 24 26 3 13 49 47 40 21 28 / 1231 1232 1233 ; 1231 1232 1233
C 44
M 17 5 15 9 21 29 15 7 5 28 45 40 35 8 48 9 7 3 47 44 25 34 49 22 ; 12 143 144 145
L 368
C 44
M 46 20 45 9 18 31 31 20 39 24 ; 8 188 189
L 370
C 44
M 46 20 45 9 18 31 31 20 38 28 39 21 33 39 24 47 ; 8 188 189
L 372
C 44
U 308
C 44
M 4 48 15 8 1 29 13 41 2 11 43 13 25 32 46 47 26 30 ; 12 191 192 193
C 44
U 295
C 44
U 241
C 44
M 4 48 15 8 1 29 13 41 2 11 43 13 23 26 29 15 7 1 ; 12 191 192 193
L 378
I 4 48 15 8 1 29 13 41 2 11 43 13 23 26 29 15 7 1 / 191 192 193 231 ;
C 48
M 4 48 15 8 1 29 13 41 2 11 43 13 10 18 2 32 38 39 17 14 6 11 ; 12 191 192 193
L 381
I 4 48 15 8 1 29 13 41 2 11 43 13 10 18 2 32 38 39 17 14 6 11 / 191 192 193 232 233 ;
C 56
M 17 5 15 9 21 29 15 7 5 28 45 40 35 8 48 9 24 40 15 35 6 9 23 32 ; 12 143 144 145
L 384
C 56
M 41 21 41 18 2 37 24 26 3 13 49 47 43 43 34 13 ; 12 219 220 221
L 386
I 41 21 41 18 2 37 24 26 3 13 49 47 43 43 34 13 / 1235 1236 1237 234 ; 1235 1236 1237
C 60
M 17 5 15 9 21 29 15 7 5 28 45 40 35 8 48 9 13 4 49 ; 12 143 144 145
L 389
I 17 5 15 9 21 29 15 7 5 28 45 40 35 8 48 9 13 4 49 / 143 144 145 235 ;
C 64
M 41 21 41 18 2 37 24 26 3 13 49 47 42 38 29 16 44 46 45 ; 12 219 220 221
L 392
C 64
M 41 21 41 18 2 37 24 26 3 13 49 47 21 14 11 48 ; 12 219 220 221
L 394
C 64
M 46 20 45 9 18 31 31 20 23 0 9 4 9 46 43 47 39 25 ; 8 188 189
C 64
M 4 48 15 8 1 29 13 41 2 11 43 13 29 31 12 41 33 17 12 42 ; 12 191 192 193
I 4 48 15 8 1 29 13 41 2 11 43 13 29 31 12 41 33 17 12 42 / 1238 1239 1240 236 237 ; 1238 1239 1240
C 72
E 1 ; 231
C 68
M 46 20 45 9 18 31 31 20 27 14 19 17 5 35 ; 8 188 189
L 400
I 46 20 45 9 18 31 31 20 27 14 19 17 5 35 / 1239 1240 238 ; 1239 1240
C 72
M 4 48 15 8 1 29 13 41 2 11 43 13 4 17 48 39 14 23 13 20 ; 12 191 192 193
L 403
I 4 48 15 8 1 29 13 41 2 11 43 13 4 17 48 39 14 23 13 20 / 191 192 193 239 240 ;
C 80
U 365
C 80
M 41 21 41 18 2 37 24 26 3 13 49 47 19 12 0 ; 12 219 220 221
C 80
U 392
C 80
M 41 21 41 18 2 37 24 26 3 13 49 47 ; 8 219 220
I 41 21 41 18 2 37 24 26 3 13 49 47 / 219 220 241 ; 241
C 80
E 6 ; 232 233 234 235 236 237
C 56
M 41 21 41 18 2 37 24 26 3 13 49 47 25 19 15 14 ; 12 219 220 221
C 56
M 46 20 45 9 18 31 31 20 8 ; 8 188 189
I 46 20 45 9 18 31 31 20 8 / 188 189 ;
C 56
U 339
C 56
M 41 21 41 18 2 37 24 26 3 13 49 47 35 34 16 43 23 8 12 36 ; 12 219 220 221
I 41 21 41 18 2 37 24 26 3 13 49 47 35 34 16 43 23 8 12 36 / 219 220 221 242 243 ;
C 64
U 335
C 64
M 46 20 45 9 18 31 31 20 12 34 13 8 48 31 31 48 1 46 ; 8 188 189
I 46 20 45 9 18 31 31 20 12 34 13 8 48 31 31 48 1 46 / 188 189 244 245 ;
C 72
U 381
C 72
E 4 ; 238 239 240 242 243
C 52
U 327
C 52
E 2 ; 244 245
C 44
M 46 20 45 9 18 31 31 20 ; 4 188
L 425
C 44
M 41 21 41 18 2 37 24 26 3 13 49 47 10 8 7 ; 12 219 220 221
C 44
U 272
C 44
M 41 21 41 18 2 37 24 26 3 13 49 47 ; 8 219 220
L 429
I 41 21 41 18 2 37 24 26 3 13 49 47 / 219 220 246 ; 246
C 44
U 354
C 44
M 41 21 41 18 2 37 24 26 3 13 49 47 49 37 10 15 ; 12 219 220 221
L 433
I 41 21 41 18 2 37 24 26 3 13 49 47 49 37 10 15 / 219 220 221 247 ;
C 48
E 1 ; 247
C 44
U 358
C 44
E 4 ;
C 44
U 433
C 44
M 4 48 15 8 1 29 13 41 2 11 43 13 29 23 30 16 35 2 43 16 ; 12 191 192 193
L 440
I 4 48 15 8 1 29 13 41 2 11 43 13 29 23 30 16 35 2 43 16 / 191 192 193 248 249 ;
C 52
M 41 21 41 18 2 37 24 26 3 13 49 47 39 17 42 ; 12 219 220 221
L 443
C 52
M 46 20 45 9 18 31 31 20 41 30 ; 8 188 189
L 445
I 46 20 45 9 18 31 31 20 41 30 / 188 189 ;
C 52
M 17 5 15 9 21 29 15 7 5 28 45 40 35 8 48 9 42 ; 12 143 144 145
L 448
I 17 5 15 9 21 29 15 7 5 28 45 40 35 8 48 9 42 / 143 144 145 250 ;
C 56
